00000000
00000000
00000000
00000000
00000000
00000000
00000000
00000000
00111000--A1
01000100
01000100
01000100
01111100
01000100
01000100
00000000
01111000--B2
01000100
01000100
01111000
01000100
01000100
01111000
00000000
00111000--C3
01000100
01000000
01000000
01000000
01000100
00111000
00000000
01110000--D4
01001000
01000100
01000100
01000100
01001000
01110000
00000000
01111100--E5
01000000
01000000
01111000
01000000
01000000
01111100
00000000
01111100--F6
01000000
01000000
01111000
01000000
01000000
01000000
00000000
00111000--G7
01000100
01000000
01011100
01000100
01000100
00111000
00000000
01000100--H8
01000100
01000100
01111100
01000100
01000100
01000100
00000000
00111000--I9
00010000
00010000
00010000
00010000
00010000
00111000
00000000
00011100--J10
00001000
00001000
00001000
00001000
00101000
00110000
00000000
01000100--K11
01001000
01010000
01100000
01010000
01001000
01000100
00000000
01000000--L12
01000000
01000000
01000000
01000000
01000000
01111100
00000000
01000100--M13
01101100
01010100
01000100
01000100
01000100
00000000
00000000
01000100--N14
01000100
01100100
01010100
01001100
01000100
00000000
00000000
00111000--O15
01000100
01000100
01000100
01000100
01000100
00111000
00000000
01111000--P16
01000100
01000100
01111000
01000000
01000000
01000000
00000000
00111000--Q17
01000100
01000100
01000100
01010100
01001000
00110100
00000000
01111000--R18
01000100
01000100
01111000
01010000
01001000
01000100
00000000
00111100--S19
01000000
01000000
00111000
00000100
00000100
01111000
00000000
01111100--T20
00010000
00010000
00010000
00010000
00010000
00010000
00000000
01000100--U21
01000100
01000100
01000100
01000100
01000100
00111000
00000000
01000100--V22
01000100
01000100
01000100
01000100
00101000
00010000
00000000
01000100--W23
01000100
01000100
01010100
01010100
01010100
00101000
00000000
01000100--X24
01000100
00101000
00010000
00101000
01000100
01000100
00000000
01000100--Y25
01000100
01000100
00101000
00010000
00010000
00010000
00000000
01111100--Z26
00000100
00001000
00010000
00100000
01000000
01111100
00000000
00111000--O(27+i)
01000100
01001100
01010100
01100100
01000100
00111000
00000000
00010000--1
00110000
00010000
00010000
00010000
00010000
00111000
00000000
00111000--2
01000100
00000100
00001000
00010000
00100000
01111100
00000000
01111100--3
01001000
00010000
00001000
00000100
01000100
00111000
00000000
00001000--4
00011000
00101000
01001000
01111100
00001000
00001000
00000000
01111100--5
01000000
01111000
00000100
00000100
01000100
00111000
00000000
00011000--6
00100000
01000000
01111000
01000100
01000100
00111000
00000000
01111100--7
00000100
00001000
00010000
00100000
00100000
00100000
00000000
00111000--8
01000100
01000100
00111000
01000100
01000100
00111000
00000000
00111000--9(36)
01000100
01000100
00111000
00000100
00000100
00110000
00000000
00000000--space(37)
00000000
00000000
00000000
00000000
00000000
00000000
00000000
00000000--,(38)
00000000
00000000
00000000
00000000
00110000
00010000
00100000
00000000--.(39)
00000000
00000000
00000000
00000000
00110000
00110000
00000000
00000000--/(40)
00000100
00001000
00010000
00100000
01000000
00000000
00000000
00000000--;(41)
00110000
00110000
00000000
00000000
00110000
00010000
00100000
00110000--'(42)
00010000
00100000
00000000
00000000
00000000
00000000
00000000
00000000--\(43)
01000000
00100000
00010000
00001000
00000100
00000000
00000000
00111000--[(44)
00100000
00100000
00100000
00100000
00100000
00111000
00000000
00111000--](45)
00001000
00001000
00001000
00001000
00001000
00111000
00000000
00000000---(46)
00000000
00000000
01111100
00000000
00000000
00000000
00000000
00000000--=(47)
00000000
01111100
00000000
01111100
00000000
00000000
00000000
00100000--`(48)
00010000
00001000
00000000
00000000
00000000
00000000
00000000

